SATNHR,ISUS Satlantic Firmware Version 3.2.4 (May 18 2011 16:15:39)
SATNHR,First Power: Fri Jun 27 14:45:18 2014
SATNHR,Extinction coefficient file: COEF\ISUS260B.CAL
SATNHR,Using shutter darks
SATNHR,Integration Time: 750
SATNHR,Dark measurements: 1
SATNHR,Light measurements: 10
SATNHR,Baseline order: 1
SATNHR,Exclude Extinct Channels
SATNHR,FittingChannels: 35,36,37,38,39,40,41,42,43,44,45,46,47,48,49,50,51,52,53,54,55,56,57,58,59,60,61,62,63
SATNHR,Coefficient Vals: 1.896960e+02,7.795700e-01,1.325180e-04,-2.963280e-07
SATNHR,L,190.5,191.3,192.0,192.8,193.6,194.4,195.2,195.9,196.7,197.5,198.3,199.1,199.9,200.6,201.4,202.2,203.0,203.8,204.6,205.3,206.1,206.9,207.7,208.5,209.3,210.0,210.8,211.6,212.4,213.2,214.0,214.8,215.6,216.3,217.1,217.9,218.7,219.5,220.3,221.1,221.9,222.6,223.4,224.2,225.0,225.8,226.6,227.4,228.2,229.0,229.8,230.6,231.3,232.1,232.9,233.7,234.5,235.3,236.1,236.9,237.7,238.5,239.3,240.1,240.8,241.6,242.4,243.2,244.0,244.8,245.6,246.4,247.2,248.0,248.8,249.6,250.4,251.2,252.0,252.8,253.6,254.3,255.1,255.9,256.7,257.5,258.3,259.1,259.9,260.7,261.5,262.3,263.1,263.9,264.7,265.5,266.3,267.1,267.9,268.7,269.5,270.3,271.1,271.9,272.7,273.5,274.3,275.1,275.9,276.7,277.5,278.3,279.1,279.9,280.6,281.4,282.2,283.0,283.8,284.6,285.4,286.2,287.0,287.8,288.6,289.4,290.2,291.0,291.8,292.6,293.4,294.2,295.0,295.8,296.6,297.4,298.2,299.0,299.8,300.6,301.4,302.2,303.0,303.8,304.6,305.4,306.2,307.0,307.8,308.6,309.4,310.2,311.0,311.8,312.6,313.4,314.2,315.0,315.8,316.6,317.4,318.2,319.0,319.8,320.6,321.4,322.2,323.0,323.8,324.6,325.4,326.2,327.0,327.8,328.6,329.4,330.2,331.0,331.8,332.6,333.4,334.2,335.0,335.8,336.6,337.4,338.2,339.0,339.8,340.6,341.4,342.2,343.0,343.8,344.6,345.4,346.1,346.9,347.7,348.5,349.3,350.1,350.9,351.7,352.5,353.3,354.1,354.9,355.7,356.5,357.3,358.1,358.9,359.7,360.5,361.3,362.1,362.9,363.7,364.5,365.3,366.0,366.8,367.6,368.4,369.2,370.0,370.8,371.6,372.4,373.2,374.0,374.8,375.6,376.4,377.2,378.0,378.7,379.5,380.3,381.1,381.9,382.7,383.5,384.3,385.1,385.9,386.7,387.5,388.2,389.0,389.8,390.6,391.4,392.2,393.0
SATNDF0260,2014178,14.780263,0.00,0.00,0.00,0.00,0.000000,23.12,23.69,16.93,165422,8.10,12.02,4.97,15.03,240.67,2.22,982.20,977.88,986,973,980,973,999,986,978,963,964,982,993,965,985,979,967,977,985,967,982,972,970,973,978,985,992,977,983,977,962,951,963,968,972,977,985,976,973,967,964,977,963,978,986,973,983,987,971,983,967,967,978,969,965,982,969,973,984,973,962,978,955,966,981,957,961,982,979,980,983,977,998,984,976,961,962,965,991,979,972,976,976,977,980,974,969,968,969,978,971,967,966,974,964,958,971,963,967,980,975,978,983,967,980,971,967,978,975,978,977,972,978,977,965,972,987,977,969,989,978,977,983,989,973,990,974,972,970,973,969,980,968,985,986,981,981,982,979,980,971,980,977,969,958,968,976,967,978,982,971,984,983,978,996,987,977,993,973,989,981,973,984,987,978,983,988,986,987,987,991,988,979,981,981,981,982,983,977,983,988,983,977,984,981,970,989,962,986,986,975,990,977,971,974,991,979,969,971,971,979,967,971,980,973,979,989,973,983,989,969,966,985,978,972,983,983,985,981,970,977,993,972,990,980,986,997,1006,990,1002,982,989,985,985,965,967,973,973,995,979,983,1002,987,979,981,962,974,987,995,986,996,986,992,991,981,992,995,995,232
SATNLF0260,2014178,14.780607,15.35,-48.18,73.66,-0.06,0.000269,23.12,23.69,16.67,165424,8.17,11.99,4.96,15.00,12607.82,108.62,997.80,977.88,1005,1006,1001,985,992,979,981,997,978,979,1024,1116,1335,1805,2573,3747,5330,7250,9357,11505,13493,15221,16595,17581,18228,18568,18756,18861,18984,19194,19525,19995,20666,21517,22551,23781,25133,26586,28101,29602,30905,32050,32839,33237,33239,32765,31959,30881,29606,28297,27115,26009,25063,24363,23813,23460,23263,23205,23297,23527,23851,24345,24927,25591,26349,27173,28028,28869,29646,30253,30698,30889,30795,30429,29722,28797,27638,26305,24885,23501,22110,20807,19623,18529,17590,16742,16003,15387,14886,14455,14142,13917,13753,13699,13708,13773,13924,14131,14395,14727,15102,15485,15895,16307,16679,17045,17298,17503,17625,17621,17513,17304,16958,16589,16149,15649,15137,14647,14145,13690,13291,12887,12565,12277,12052,11860,11733,11621,11579,11549,11558,11623,11693,11765,11897,12048,12210,12405,12612,12836,13075,13325,13602,13893,14177,14456,14774,15053,15341,15616,15848,16049,16239,16357,16449,16499,16471,16427,16341,16198,16029,15835,15607,15365,15085,14768,14451,14089,13695,13328,12931,12553,12181,11830,11486,11175,10871,10611,10346,10097,9842,9643,9422,9221,9047,8852,8689,8533,8383,8260,8141,8007,7916,7825,7732,7683,7612,7561,7540,7485,7461,7448,7422,7424,7456,7435,7463,7495,7514,7523,7563,7561,7581,7618,7633,7657,7658,7655,7673,7677,7651,7647,7630,7598,7544,7447,7349,7263,7161,7064,6989,6891,6795,6725,6634,6559,6489,6423,6348,6269,6129,6025,5924,5813,5728,5645,5559,5485,5415,5365,5258,5090,4847,4575,4266,4266,142
SATNLF0260,2014178,14.780963,15.15,-47.95,73.43,-0.05,0.000290,23.12,23.69,17.00,165425,8.09,12.02,4.96,15.00,12636.10,112.65,994.00,977.88,1001,1000,985,986,998,990,971,989,991,990,1032,1119,1349,1805,2558,3747,5323,7230,9353,11487,13486,15214,16591,17583,18237,18565,18749,18875,18985,19209,19532,20028,20699,21553,22583,23812,25172,26631,28151,29653,30972,32089,32892,33296,33285,32821,31997,30931,29661,28354,27146,26036,25104,24404,23829,23495,23303,23226,23337,23571,23892,24375,24959,25629,26389,27234,28087,28927,29692,30327,30762,30953,30871,30507,29798,28854,27685,26371,24935,23542,22149,20858,19655,18553,17592,16763,16019,15403,14906,14476,14167,13950,13785,13717,13739,13806,13957,14180,14442,14748,15144,15515,15941,16347,16713,17069,17353,17550,17674,17677,17547,17351,17019,16630,16173,15674,15180,14673,14181,13715,13317,12923,12599,12311,12071,11881,11757,11651,11584,11576,11576,11633,11716,11785,11922,12053,12235,12433,12631,12871,13117,13362,13618,13929,14217,14511,14814,15095,15367,15651,15872,16071,16257,16377,16462,16514,16513,16470,16370,16243,16077,15893,15637,15397,15112,14791,14473,14094,13729,13337,12962,12572,12209,11829,11498,11198,10895,10625,10363,10109,9860,9656,9453,9239,9053,8876,8723,8558,8401,8268,8162,8041,7933,7850,7749,7679,7637,7586,7556,7509,7480,7466,7448,7449,7468,7469,7474,7507,7508,7533,7550,7571,7596,7634,7645,7661,7679,7655,7679,7683,7671,7667,7649,7619,7573,7467,7385,7287,7197,7085,6995,6912,6809,6734,6655,6561,6510,6435,6359,6277,6147,6023,5941,5817,5731,5663,5573,5509,5450,5388,5268,5099,4853,4591,4263,4263,171
SATNLF0260,2014178,14.781335,14.32,-42.39,64.34,-0.04,0.000313,23.12,23.69,16.79,165426,8.05,12.00,4.96,14.99,12610.79,110.95,995.00,977.88,1001,985,989,1005,995,983,996,989,982,1002,1023,1115,1351,1799,2586,3743,5294,7219,9338,11462,13445,15179,16549,17553,18181,18519,18723,18822,18952,19193,19502,19998,20682,21512,22564,23791,25133,26621,28125,29602,30959,32067,32873,33270,33280,32794,31977,30894,29626,28327,27115,26018,25109,24362,23828,23474,23267,23214,23317,23547,23869,24359,24937,25604,26371,27187,28049,28898,29650,30279,30741,30924,30827,30467,29752,28810,27655,26334,24925,23523,22143,20844,19645,18557,17608,16753,16034,15418,14900,14475,14161,13916,13773,13704,13709,13797,13950,14172,14450,14778,15143,15529,15917,16340,16697,17051,17341,17545,17650,17653,17541,17313,17011,16603,16166,15672,15189,14661,14153,13709,13302,12907,12594,12291,12065,11899,11734,11635,11583,11553,11559,11621,11690,11806,11902,12053,12241,12433,12636,12849,13090,13338,13629,13907,14201,14513,14805,15086,15359,15613,15856,16053,16234,16381,16473,16501,16506,16449,16369,16224,16059,15866,15623,15369,15097,14787,14441,14079,13721,13338,12949,12581,12194,11833,11515,11185,10903,10629,10343,10116,9881,9643,9442,9251,9057,8880,8699,8545,8389,8264,8132,8022,7911,7829,7764,7704,7649,7585,7553,7523,7499,7457,7456,7464,7453,7460,7474,7492,7518,7537,7549,7583,7612,7617,7643,7647,7665,7679,7675,7673,7670,7655,7649,7621,7557,7469,7373,7263,7157,7107,6989,6903,6829,6747,6654,6586,6510,6446,6384,6279,6154,6037,5922,5817,5733,5648,5586,5491,5438,5375,5262,5090,4867,4582,4268,4268,199
SATNLF0260,2014178,14.781707,15.95,-52.03,80.03,-0.07,0.000331,23.12,23.69,16.64,165428,8.20,12.02,4.97,14.99,12486.37,108.68,992.40,977.88,998,983,992,995,994,987,997,981,992,1002,1025,1127,1359,1796,2562,3721,5267,7176,9258,11373,13353,15082,16441,17436,18077,18421,18616,18718,18839,19067,19403,19869,20545,21385,22421,23642,24996,26453,27960,29417,30748,31869,32641,33051,33050,32577,31768,30708,29451,28146,26951,25855,24948,24205,23683,23336,23121,23077,23171,23397,23709,24201,24769,25448,26221,27043,27893,28711,29459,30090,30544,30718,30641,30285,29573,28642,27492,26170,24787,23385,22010,20725,19517,18441,17493,16660,15927,15338,14823,14398,14069,13843,13705,13650,13645,13724,13879,14061,14363,14692,15043,15438,15836,16221,16615,16947,17248,17434,17534,17536,17444,17223,16916,16531,16091,15589,15098,14581,14089,13639,13219,12849,12509,12231,12010,11809,11674,11573,11500,11491,11500,11563,11635,11719,11835,11995,12162,12349,12547,12766,13014,13280,13569,13841,14121,14425,14711,14971,15271,15539,15781,15963,16149,16265,16373,16413,16402,16347,16249,16127,15963,15762,15535,15284,15009,14713,14375,14009,13643,13262,12871,12508,12126,11772,11437,11131,10852,10571,10291,10056,9817,9603,9390,9201,9015,8834,8660,8497,8359,8221,8109,7993,7877,7794,7746,7642,7574,7543,7490,7462,7453,7424,7421,7431,7442,7429,7447,7447,7480,7496,7513,7555,7577,7583,7618,7625,7633,7627,7636,7631,7641,7614,7609,7586,7521,7430,7351,7237,7134,7044,6945,6855,6776,6695,6619,6551,6469,6426,6345,6222,6126,5989,5893,5795,5691,5628,5554,5465,5417,5355,5245,5089,4862,4567,4253,4253,125
SATNLF0260,2014178,14.782063,14.79,-45.58,69.54,-0.04,0.000321,23.12,23.69,16.90,165429,8.14,12.01,4.97,14.98,12517.27,105.20,998.80,977.88,997,996,1001,1001,999,1003,992,986,991,993,1010,1130,1330,1791,2539,3710,5281,7172,9252,11367,13335,15058,16424,17404,18051,18391,18579,18689,18817,19046,19361,19861,20533,21362,22399,23619,24967,26421,27926,29390,30734,31829,32635,33033,33024,32564,31761,30675,29420,28127,26929,25842,24907,24198,23665,23315,23121,23079,23154,23378,23725,24196,24760,25425,26177,27015,27851,28680,29444,30068,30490,30704,30613,30242,29559,28621,27471,26144,24761,23349,21990,20683,19505,18422,17478,16637,15917,15310,14801,14386,14073,13848,13702,13625,13646,13734,13868,14098,14350,14668,15031,15411,15817,16228,16607,16940,17227,17416,17535,17533,17413,17220,16912,16525,16061,15596,15077,14579,14099,13629,13227,12841,12500,12235,12012,11810,11677,11563,11513,11490,11495,11543,11623,11715,11848,12011,12149,12339,12541,12764,13008,13277,13530,13823,14145,14421,14709,15001,15281,15557,15770,15957,16130,16262,16353,16401,16389,16345,16268,16091,15945,15774,15518,15274,15003,14691,14359,14013,13614,13259,12887,12499,12117,11775,11449,11143,10841,10553,10308,10054,9808,9573,9390,9194,9015,8817,8653,8513,8369,8231,8107,7988,7883,7811,7696,7646,7586,7541,7505,7472,7432,7415,7427,7403,7419,7432,7431,7453,7478,7495,7529,7542,7568,7603,7590,7608,7633,7627,7642,7653,7621,7623,7606,7579,7511,7422,7332,7226,7133,7027,6962,6873,6776,6702,6624,6533,6471,6409,6333,6240,6114,5996,5911,5799,5717,5647,5557,5486,5421,5349,5234,5074,4828,4549,4266,4266,186
SATNLF0260,2014178,14.782436,15.22,-48.29,73.86,-0.05,0.000316,23.12,23.69,16.99,165430,7.89,11.99,4.98,14.99,12491.53,116.03,996.20,977.88,1002,985,1000,995,999,998,993,971,986,993,1015,1120,1326,1770,2547,3703,5259,7156,9240,11346,13285,15022,16394,17393,18013,18364,18565,18669,18810,19015,19366,19845,20517,21347,22402,23610,24950,26409,27913,29379,30705,31820,32601,33004,32989,32531,31726,30632,29380,28107,26903,25814,24909,24186,23639,23314,23099,23057,23132,23359,23693,24174,24747,25409,26164,26988,27850,28671,29426,30051,30485,30690,30603,30238,29538,28610,27452,26141,24736,23362,21984,20683,19501,18419,17484,16645,15907,15301,14804,14388,14077,13836,13683,13611,13622,13715,13864,14091,14354,14662,15029,15415,15818,16200,16603,16931,17191,17415,17528,17528,17430,17202,16893,16498,16061,15581,15067,14562,14077,13609,13191,12835,12506,12201,11987,11800,11666,11571,11499,11479,11487,11540,11619,11723,11842,11975,12151,12337,12541,12769,13005,13264,13533,13805,14109,14405,14695,14981,15249,15517,15758,15942,16121,16266,16343,16407,16397,16347,16241,16123,15947,15749,15526,15267,14982,14680,14359,14020,13634,13253,12877,12491,12129,11780,11445,11117,10849,10563,10306,10064,9818,9612,9397,9189,9001,8830,8648,8487,8348,8221,8084,7989,7877,7805,7718,7653,7601,7557,7501,7470,7434,7405,7419,7402,7414,7422,7425,7443,7475,7492,7514,7543,7573,7589,7605,7621,7634,7644,7648,7652,7651,7625,7613,7586,7527,7445,7339,7239,7135,7050,6954,6867,6773,6694,6621,6533,6469,6417,6327,6225,6113,5993,5893,5797,5698,5623,5559,5474,5422,5355,5239,5062,4826,4546,4251,4251,134
SATNLF0260,2014178,14.782808,14.62,-43.20,65.43,-0.04,0.000347,23.12,23.69,16.91,165432,8.02,12.00,4.96,15.01,12512.93,103.42,993.20,977.88,1003,982,996,992,993,988,979,990,1000,991,1017,1120,1340,1777,2551,3700,5247,7142,9223,11319,13313,15025,16391,17374,18009,18363,18548,18647,18797,19001,19347,19834,20491,21335,22382,23592,24933,26384,27889,29346,30684,31793,32583,32978,32988,32510,31721,30642,29375,28103,26896,25816,24900,24167,23625,23286,23080,23044,23133,23365,23699,24157,24739,25389,26139,26970,27819,28641,29406,30034,30465,30661,30582,30231,29533,28611,27451,26131,24733,23343,21970,20683,19474,18423,17463,16633,15904,15297,14791,14379,14061,13829,13693,13614,13622,13708,13867,14067,14355,14659,15011,15413,15824,16236,16601,16935,17225,17415,17526,17543,17415,17201,16903,16497,16062,15581,15063,14573,14081,13616,13201,12833,12497,12203,11986,11793,11665,11557,11496,11485,11491,11539,11611,11705,11826,11981,12141,12328,12542,12759,12995,13255,13515,13809,14112,14393,14688,14978,15253,15499,15749,15931,16124,16247,16343,16388,16385,16341,16247,16115,15929,15741,15510,15263,14990,14684,14355,14005,13609,13243,12875,12489,12106,11774,11440,11123,10833,10546,10285,10049,9802,9594,9386,9192,9014,8822,8654,8513,8357,8230,8106,7986,7901,7801,7705,7643,7601,7540,7505,7465,7439,7418,7434,7395,7402,7433,7426,7463,7475,7493,7515,7545,7566,7579,7608,7613,7642,7637,7627,7649,7618,7635,7613,7585,7518,7429,7341,7211,7137,7025,6950,6869,6772,6698,6613,6544,6485,6422,6339,6234,6113,5992,5899,5789,5701,5626,5555,5469,5433,5369,5252,5093,4821,4551,4256,4256,181
SATNHR,ISUS Satlantic Firmware Version 3.2.4 (May 18 2011 16:15:39)
SATNHR,First Power: Fri Jun 27 14:45:18 2014
SATNHR,Extinction coefficient file: COEF\ISUS260B.CAL
SATNHR,Using shutter darks
SATNHR,Integration Time: 750
SATNHR,Dark measurements: 1
SATNHR,Light measurements: 10
SATNHR,Baseline order: 1
SATNHR,Exclude Extinct Channels
SATNHR,FittingChannels: 35,36,37,38,39,40,41,42,43,44,45,46,47,48,49,50,51,52,53,54,55,56,57,58,59,60,61,62,63
SATNHR,Coefficient Vals: 1.896960e+02,7.795700e-01,1.325180e-04,-2.963280e-07
SATNHR,L,190.5,191.3,192.0,192.8,193.6,194.4,195.2,195.9,196.7,197.5,198.3,199.1,199.9,200.6,201.4,202.2,203.0,203.8,204.6,205.3,206.1,206.9,207.7,208.5,209.3,210.0,210.8,211.6,212.4,213.2,214.0,214.8,215.6,216.3,217.1,217.9,218.7,219.5,220.3,221.1,221.9,222.6,223.4,224.2,225.0,225.8,226.6,227.4,228.2,229.0,229.8,230.6,231.3,232.1,232.9,233.7,234.5,235.3,236.1,236.9,237.7,238.5,239.3,240.1,240.8,241.6,242.4,243.2,244.0,244.8,245.6,246.4,247.2,248.0,248.8,249.6,250.4,251.2,252.0,252.8,253.6,254.3,255.1,255.9,256.7,257.5,258.3,259.1,259.9,260.7,261.5,262.3,263.1,263.9,264.7,265.5,266.3,267.1,267.9,268.7,269.5,270.3,271.1,271.9,272.7,273.5,274.3,275.1,275.9,276.7,277.5,278.3,279.1,279.9,280.6,281.4,282.2,283.0,283.8,284.6,285.4,286.2,287.0,287.8,288.6,289.4,290.2,291.0,291.8,292.6,293.4,294.2,295.0,295.8,296.6,297.4,298.2,299.0,299.8,300.6,301.4,302.2,303.0,303.8,304.6,305.4,306.2,307.0,307.8,308.6,309.4,310.2,311.0,311.8,312.6,313.4,314.2,315.0,315.8,316.6,317.4,318.2,319.0,319.8,320.6,321.4,322.2,323.0,323.8,324.6,325.4,326.2,327.0,327.8,328.6,329.4,330.2,331.0,331.8,332.6,333.4,334.2,335.0,335.8,336.6,337.4,338.2,339.0,339.8,340.6,341.4,342.2,343.0,343.8,344.6,345.4,346.1,346.9,347.7,348.5,349.3,350.1,350.9,351.7,352.5,353.3,354.1,354.9,355.7,356.5,357.3,358.1,358.9,359.7,360.5,361.3,362.1,362.9,363.7,364.5,365.3,366.0,366.8,367.6,368.4,369.2,370.0,370.8,371.6,372.4,373.2,374.0,374.8,375.6,376.4,377.2,378.0,378.7,379.5,380.3,381.1,381.9,382.7,383.5,384.3,385.1,385.9,386.7,387.5,388.2,389.0,389.8,390.6,391.4,392.2,393.0
SATNDF0260,2014178,14.794155,0.00,0.00,0.00,0.00,0.000000,23.12,23.94,17.18,165434,8.10,12.02,4.95,14.99,240.92,2.07,986.40,981.11,978,983,1003,977,991,996,993,996,981,974,985,979,971,987,970,983,993,987,982,989,976,971,989,978,978,986,972,976,981,973,983,967,975,976,968,971,982,987,983,993,986,987,985,972,964,982,960,972,978,973,971,986,977,980,987,981,981,976,971,980,984,972,974,974,964,977,981,973,986,975,971,982,965,975,967,978,958,973,960,967,976,969,971,985,972,986,985,976,978,967,976,972,984,983,985,969,968,973,966,965,971,977,970,986,973,977,983,971,965,987,973,992,981,978,990,981,966,993,969,983,982,976,976,973,955,969,973,974,975,985,978,965,972,971,969,971,976,979,973,977,980,985,983,985,989,983,980,983,973,990,979,990,994,983,995,995,979,970,972,967,967,971,978,963,983,983,997,994,980,991,987,984,981,985,980,971,983,976,983,983,986,983,981,983,980,973,969,987,978,990,997,986,985,995,977,983,992,976,985,982,984,984,973,987,993,993,981,997,987,981,998,983,979,981,983,986,1001,987,994,1002,983,993,995,978,983,999,983,999,977,994,995,983,983,999,989,980,988,983,983,1021,989,983,993,983,975,1001,993,989,1009,999,994,1003,997,999,982,982,99
SATNLF0260,2014178,14.794499,13.79,-39.85,60.16,-0.03,0.000371,23.12,23.94,17.02,165436,8.09,12.02,4.98,15.01,12533.61,97.67,996.40,981.11,997,1001,999,987,998,1013,991,1000,1013,999,1031,1124,1334,1782,2542,3682,5242,7141,9222,11347,13337,15050,16425,17403,18062,18409,18593,18704,18836,19048,19393,19883,20542,21382,22440,23635,24991,26463,27952,29416,30762,31866,32674,33067,33041,32582,31789,30697,29441,28163,26943,25854,24927,24200,23692,23320,23123,23087,23175,23402,23746,24203,24782,25465,26211,27033,27891,28709,29478,30102,30538,30727,30640,30276,29589,28653,27488,26181,24776,23366,22013,20719,19521,18461,17499,16658,15933,15326,14808,14404,14091,13863,13730,13655,13666,13741,13882,14094,14368,14677,15044,15428,15834,16256,16619,16964,17259,17445,17547,17562,17444,17197,16923,16513,16075,15598,15101,14594,14123,13655,13253,12861,12515,12246,12002,11825,11687,11583,11513,11501,11498,11554,11614,11716,11837,12006,12173,12366,12567,12785,13023,13285,13562,13825,14119,14424,14733,14999,15269,15554,15781,15983,16151,16284,16381,16421,16407,16359,16266,16136,15973,15781,15545,15297,15011,14712,14402,14041,13656,13277,12909,12509,12157,11783,11447,11136,10843,10529,10310,10072,9819,9610,9388,9195,9026,8833,8671,8512,8363,8237,8129,8004,7894,7802,7721,7640,7607,7547,7505,7493,7450,7441,7441,7431,7429,7442,7449,7473,7480,7505,7537,7547,7565,7591,7601,7634,7642,7642,7645,7659,7645,7585,7618,7575,7527,7437,7338,7254,7153,7069,6985,6883,6803,6708,6623,6546,6483,6408,6334,6239,6128,6021,5906,5815,5721,5633,5564,5485,5435,5369,5247,5087,4822,4568,4249,4249,122
SATNLF0260,2014178,14.794855,15.12,-48.25,73.96,-0.05,0.000353,23.19,23.94,17.20,165437,8.08,11.99,4.95,15.01,12508.31,114.90,998.20,981.11,997,1000,1005,1001,988,997,995,986,997,997,1026,1125,1335,1784,2549,3683,5232,7133,9205,11307,13304,15019,16378,17382,18022,18381,18572,18679,18809,19030,19358,19842,20506,21350,22409,23613,24969,26442,27941,29397,30731,31840,32629,33022,33015,32559,31746,30679,29415,28137,26933,25837,24923,24194,23663,23304,23102,23078,23160,23378,23716,24184,24764,25431,26181,27018,27851,28694,29457,30071,30516,30695,30635,30231,29557,28636,27464,26149,24772,23377,22005,20706,19529,18449,17479,16639,15929,15314,14792,14399,14077,13850,13720,13648,13651,13729,13873,14089,14365,14689,15051,15438,15838,16252,16630,16961,17248,17443,17549,17559,17429,17222,16907,16515,16075,15589,15081,14591,14100,13640,13229,12844,12522,12229,12003,11818,11661,11579,11523,11493,11514,11559,11630,11741,11843,11993,12166,12347,12560,12774,13010,13271,13548,13847,14118,14399,14699,14996,15268,15532,15765,15969,16118,16266,16372,16410,16401,16357,16265,16140,15950,15774,15536,15292,15028,14701,14371,14011,13630,13265,12889,12506,12137,11789,11459,11130,10849,10571,10311,10088,9818,9604,9390,9191,9010,8803,8646,8506,8353,8227,8117,8005,7895,7812,7709,7639,7601,7556,7513,7480,7437,7421,7435,7421,7419,7437,7433,7461,7484,7483,7535,7578,7581,7604,7613,7612,7640,7642,7630,7652,7619,7627,7623,7573,7513,7435,7355,7252,7155,7042,6969,6867,6777,6701,6629,6538,6491,6417,6336,6241,6134,6007,5920,5802,5699,5624,5547,5475,5414,5354,5259,5081,4846,4565,4263,4263,127
SATNLF0260,2014178,14.795227,15.38,-50.04,76.78,-0.05,0.000329,23.12,24.00,17.30,165438,8.03,12.00,4.97,15.00,12527.78,119.15,999.40,981.11,1004,1007,1001,985,1000,993,987,1002,999,1015,1047,1123,1340,1787,2519,3689,5237,7106,9192,11297,13274,14997,16357,17361,18017,18343,18544,18665,18792,19003,19360,19824,20503,21357,22395,23613,24951,26398,27918,29386,30702,31810,32609,32989,32977,32522,31716,30641,29383,28121,26918,25803,24906,24181,23639,23310,23097,23053,23139,23374,23678,24189,24754,25416,26192,27002,27845,28679,29424,30052,30493,30675,30589,30237,29532,28609,27457,26140,24736,23335,21977,20688,19517,18429,17469,16650,15905,15316,14793,14372,14039,13844,13705,13633,13649,13716,13886,14097,14373,14683,15042,15427,15845,16213,16607,16953,17223,17427,17552,17544,17434,17229,16904,16515,16072,15579,15076,14583,14087,13641,13229,12845,12527,12193,11989,11825,11669,11573,11511,11480,11498,11543,11629,11702,11837,11975,12148,12338,12535,12779,13019,13276,13547,13837,14121,14416,14710,14985,15257,15511,15749,15961,16128,16261,16364,16393,16392,16358,16250,16106,15957,15756,15527,15290,15011,14709,14380,13997,13622,13258,12881,12516,12126,11781,11443,11112,10826,10569,10295,10053,9818,9597,9385,9200,8995,8811,8660,8489,8347,8239,8103,8006,7893,7808,7714,7659,7585,7553,7488,7486,7452,7425,7420,7424,7409,7421,7433,7446,7479,7505,7527,7541,7587,7580,7611,7634,7629,7640,7639,7627,7635,7629,7604,7604,7531,7441,7338,7230,7138,7050,6959,6881,6788,6705,6631,6563,6473,6418,6349,6238,6107,6007,5893,5799,5711,5628,5559,5481,5417,5363,5260,5070,4835,4563,4246,4246,187
SATNLF0260,2014178,14.795599,15.47,-50.53,77.77,-0.05,0.000359,23.12,24.00,17.12,165440,8.10,12.02,4.97,14.99,12506.70,108.51,995.40,981.11,1010,987,987,1011,982,983,996,996,985,1006,1027,1128,1341,1767,2537,3670,5222,7097,9189,11291,13277,14985,16343,17353,17986,18336,18537,18650,18781,19014,19326,19813,20500,21333,22357,23606,24923,26392,27904,29354,30695,31801,32570,32984,32967,32511,31710,30634,29370,28098,26881,25792,24881,24176,23625,23285,23068,23032,23128,23346,23671,24151,24715,25399,26154,26971,27831,28665,29404,30045,30465,30661,30573,30206,29515,28606,27435,26121,24727,23349,21966,20687,19509,18429,17470,16625,15918,15317,14798,14388,14085,13846,13689,13625,13632,13714,13872,14079,14355,14663,15039,15421,15822,16217,16616,16933,17223,17437,17541,17517,17415,17213,16890,16522,16069,15607,15089,14587,14100,13640,13219,12844,12503,12220,11997,11807,11673,11571,11511,11485,11503,11533,11611,11721,11828,11961,12150,12343,12545,12773,13019,13271,13531,13821,14119,14401,14691,14968,15257,15516,15754,15933,16113,16256,16348,16407,16391,16345,16241,16109,15941,15753,15509,15263,14992,14689,14359,14006,13622,13256,12884,12503,12121,11779,11445,11127,10834,10557,10304,10057,9811,9593,9395,9191,9015,8833,8652,8496,8361,8231,8093,8002,7892,7814,7725,7656,7594,7550,7511,7491,7445,7435,7435,7417,7423,7433,7437,7447,7475,7492,7529,7557,7569,7586,7615,7630,7641,7645,7636,7647,7648,7621,7614,7583,7522,7454,7361,7251,7168,7059,6953,6883,6782,6698,6630,6547,6466,6416,6337,6241,6121,5995,5899,5798,5712,5633,5557,5470,5426,5365,5253,5093,4845,4564,4262,4262,131
SATNLF0260,2014178,14.795956,15.42,-48.73,74.75,-0.06,0.000322,23.19,24.00,17.54,165441,7.80,12.01,4.97,14.98,12500.11,108.88,995.40,981.11,1009,999,983,1003,983,995,1001,1004,1019,1025,1043,1114,1344,1771,2522,3675,5213,7091,9169,11266,13246,14999,16325,17319,17994,18319,18527,18646,18766,18983,19321,19796,20471,21307,22346,23556,24910,26361,27885,29338,30653,31783,32554,32953,32963,32490,31687,30618,29341,28082,26879,25789,24868,24157,23609,23274,23055,23005,23111,23319,23656,24129,24705,25383,26154,26948,27801,28651,29399,30019,30468,30635,30554,30190,29511,28586,27403,26099,24713,23317,21950,20665,19477,18413,17469,16631,15909,15321,14802,14385,14078,13833,13683,13625,13641,13699,13881,14078,14347,14676,15027,15427,15815,16209,16590,16931,17205,17416,17533,17543,17421,17213,16898,16517,16058,15575,15069,14562,14075,13623,13220,12817,12513,12216,12005,11808,11655,11574,11515,11473,11508,11537,11597,11701,11820,11962,12136,12321,12523,12762,13001,13253,13530,13805,14099,14404,14688,14965,15248,15497,15736,15940,16103,16250,16356,16353,16372,16334,16249,16111,15951,15743,15516,15267,14980,14685,14356,13992,13627,13240,12852,12493,12115,11751,11438,11127,10843,10570,10297,10061,9827,9589,9392,9187,9002,8823,8653,8506,8361,8220,8113,8005,7871,7795,7721,7650,7586,7576,7509,7484,7449,7431,7434,7423,7429,7447,7447,7459,7465,7505,7500,7541,7554,7586,7610,7622,7641,7662,7645,7643,7642,7640,7619,7597,7537,7445,7347,7240,7151,7053,6947,6865,6775,6706,6617,6547,6473,6411,6339,6237,6120,5981,5891,5811,5711,5630,5555,5481,5411,5367,5249,5069,4839,4546,4267,4267,14
SATNLF0260,2014178,14.796328,16.12,-53.56,82.56,-0.06,0.000347,23.19,24.00,17.29,165442,7.89,12.02,4.97,15.01,12496.14,99.76,994.20,981.11,990,998,996,992,995,986,983,989,967,1008,1033,1124,1329,1778,2527,3678,5210,7067,9175,11265,13229,14961,16325,17313,17962,18299,18497,18625,18767,18974,19335,19780,20485,21320,22339,23571,24905,26361,27861,29319,30645,31769,32545,32933,32936,32471,31645,30617,29320,28064,26867,25775,24863,24140,23597,23267,23054,23016,23095,23330,23657,24102,24695,25362,26120,26933,27788,28637,29377,29999,30453,30620,30544,30175,29487,28549,27411,26088,24696,23319,21954,20641,19481,18408,17460,16640,15897,15315,14794,14373,14062,13830,13673,13620,13619,13705,13869,14076,14338,14659,15014,15403,15815,16201,16606,16938,17204,17415,17535,17528,17425,17198,16897,16509,16057,15565,15076,14556,14072,13641,13198,12823,12496,12205,11973,11799,11657,11539,11494,11467,11505,11543,11609,11706,11838,11971,12134,12322,12518,12763,12970,13232,13514,13784,14090,14385,14691,14963,15244,15508,15744,15949,16113,16253,16353,16383,16382,16331,16222,16096,15927,15734,15497,15259,14993,14687,14344,13996,13623,13237,12873,12473,12121,11757,11430,11127,10821,10560,10279,10067,9818,9594,9388,9188,8993,8823,8645,8498,8349,8212,8107,7989,7879,7795,7719,7654,7591,7565,7509,7465,7444,7413,7409,7422,7422,7441,7444,7454,7487,7501,7524,7542,7559,7587,7607,7604,7628,7650,7651,7649,7645,7630,7605,7585,7514,7431,7344,7228,7147,7047,6969,6881,6793,6694,6635,6553,6479,6439,6344,6247,6127,5992,5887,5799,5701,5629,5546,5483,5425,5378,5262,5095,4865,4575,4273,4273,254
SATNLF0260,2014178,14.796700,15.47,-49.38,75.68,-0.05,0.000362,23.19,24.00,17.12,165444,7.76,12.01,4.95,14.98,12524.65,108.47,996.60,981.11,1001,1010,993,1000,979,989,984,985,992,999,1026,1121,1342,1766,2527,3643,5212,7092,9157,11263,13249,14951,16326,17326,17959,18330,18548,18644,18774,18994,19325,19837,20497,21321,22377,23595,24936,26393,27894,29364,30697,31785,32586,32971,32966,32520,31707,30620,29367,28096,26903,25797,24890,24179,23634,23289,23060,23037,23131,23345,23677,24157,24719,25399,26144,26976,27833,28649,29413,30041,30470,30668,30583,30207,29506,28605,27439,26114,24725,23329,21962,20695,19483,18427,17472,16630,15933,15321,14804,14407,14071,13831,13696,13623,13627,13711,13875,14087,14357,14680,15033,15435,15821,16236,16615,16947,17237,17441,17555,17554,17431,17209,16907,16514,16061,15597,15081,14586,14108,13637,13225,12851,12515,12221,12007,11799,11665,11573,11516,11493,11502,11543,11612,11708,11825,11981,12151,12333,12550,12781,12994,13268,13531,13827,14115,14416,14693,14993,15247,15519,15745,15950,16128,16263,16375,16389,16397,16337,16263,16113,15941,15749,15517,15272,15011,14705,14370,14009,13622,13268,12888,12506,12134,11786,11448,11143,10871,10577,10295,10057,9813,9599,9405,9191,9011,8829,8653,8514,8366,8224,8129,8002,7892,7803,7708,7657,7607,7557,7518,7493,7451,7423,7433,7429,7410,7447,7441,7469,7493,7520,7562,7561,7570,7586,7623,7624,7651,7633,7639,7655,7638,7640,7607,7591,7534,7459,7365,7251,7151,7047,6958,6899,6782,6715,6639,6561,6487,6428,6340,6248,6133,5995,5897,5813,5709,5639,5550,5484,5433,5369,5262,5089,4856,4551,4261,4261,30