Source File: C:\Users\ooiuser\Documents\uCSPP\CE01ISSP\2015_08\R00004\raw\32260420.PPB
Processed: 10/22/2015 07:28:46
Using Version: 1.11
Device: OPT
Start Date: 08/14/2015
Timestamp (s)	Depth (dbar)	Suspect Timestamp	Data
1439514323.900	4580.639	y	?%4831	353	299.457	85.997	10.531	33.913	33.913	42.173	8.260	731.3	749.5	420.6
1439514326.106	16.981	n	4831	353	299.441	85.991	10.530	33.914	33.914	42.170	8.256	731.4	750.8	420.6
1439514328.060	16.981	n	4831	353	299.557	86.024	10.530	33.909	33.909	42.158	8.249	731.4	748.6	420.6
1439514329.061	16.966	n	4831	353	299.482	86.004	10.531	33.912	33.912	42.159	8.247	731.4	747.4	420.6
1439514330.059	16.934	n	4831	353	299.494	86.009	10.532	33.911	33.911	42.154	8.243	731.4	746.6	420.5
1439514331.060	16.890	n	4831	353	299.421	85.990	10.533	33.913	33.913	42.156	8.243	731.4	745.9	420.5
1439514332.059	16.836	n	4831	353	299.439	85.998	10.534	33.912	33.912	42.154	8.242	731.4	745.3	420.5
1439514333.060	16.767	n	4831	353	299.328	85.971	10.537	33.915	33.915	42.158	8.243	731.3	744.9	420.4
1439514334.059	16.701	n	4831	353	299.347	85.978	10.537	33.914	33.914	42.156	8.241	731.2	744.4	420.4
1439514335.059	16.606	n	4831	353	299.310	85.967	10.537	33.916	33.916	42.158	8.243	731.3	744.0	420.4
1439514336.059	16.479	y	4831	353	299.174	85.924	10.535	33.922	33.922	42.165	8.242	731.3	743.7	420.4
1439514337.059	16.309	n	4831	353	299.150	85.909	10.531	33.925	33.925	42.167	8.242	731.3	743.3	420.6
1439514338.060	16.096	n	4831	353	299.273	85.940	10.529	33.921	33.921	42.164	8.243	731.3	743.0	420.6
1439514339.059	15.884	y	4831	353	299.285	85.942	10.528	33.921	33.921	42.165	8.244	731.3	742.8	420.7
1439514340.059	15.698	y	4831	353	299.376	85.970	10.530	33.917	33.917	42.161	8.244	731.1	742.5	420.6
1439514341.059	15.547	n	4831	353	299.510	86.019	10.535	33.909	33.909	42.154	8.246	730.8	742.2	420.4
1439514342.059	15.414	n	4831	353	300.051	86.211	10.553	33.878	33.878	42.124	8.247	729.8	742.0	419.9
1439514343.059	15.273	y	4831	353	300.334	86.390	10.601	33.841	33.841	42.087	8.246	728.8	741.7	418.3
1439514344.108	15.119	y	4831	353	299.778	86.349	10.661	33.834	33.834	42.080	8.247	728.5	741.4	416.4
1439514345.060	14.896	n	4831	353	299.687	86.389	10.693	33.821	33.821	42.068	8.247	728.2	741.2	415.4
1439514346.059	14.658	n	4831	353	299.541	86.407	10.723	33.811	33.811	42.060	8.249	727.8	741.0	414.4
1439514347.059	14.410	y	4831	353	300.085	86.617	10.750	33.776	33.776	42.026	8.251	726.8	740.8	413.6
1439514348.061	14.169	n	4831	353	300.551	86.782	10.765	33.749	33.749	42.002	8.252	726.1	740.6	413.1
1439514349.058	13.949	y	4831	353	301.225	86.995	10.774	33.717	33.717	41.969	8.251	725.0	740.3	412.8
1439514350.058	13.750	y	4831	353	301.700	87.178	10.796	33.686	33.686	41.939	8.253	724.2	740.0	412.1
1439514351.058	13.570	n	4831	353	302.108	87.319	10.808	33.664	33.664	41.919	8.255	723.5	739.8	411.7
1439514352.059	13.404	n	4831	353	302.551	87.445	10.807	33.647	33.647	41.902	8.255	722.9	739.5	411.7
1439514353.058	13.241	y	4831	353	303.166	87.622	10.806	33.622	33.622	41.879	8.257	722.3	739.3	411.7
1439514354.059	13.076	y	4831	353	303.510	87.728	10.809	33.607	33.607	41.863	8.257	721.7	739.0	411.6
1439514355.060	12.891	n	4831	353	303.932	87.855	10.812	33.589	33.589	41.846	8.258	721.3	738.8	411.6
1439514356.060	12.683	n	4831	353	304.202	87.936	10.813	33.577	33.577	41.836	8.259	720.9	738.6	411.5
1439514357.060	12.454	y	4831	353	304.539	88.031	10.812	33.564	33.564	41.823	8.259	720.5	738.3	411.6
1439514358.059	12.201	n	4831	353	304.996	88.177	10.819	33.542	33.542	41.803	8.260	719.9	738.0	411.3
1439514359.059	11.964	n	4831	353	305.130	88.234	10.828	33.533	33.533	41.795	8.262	719.6	737.8	411.0
1439514360.060	11.760	n	4831	353	305.316	88.303	10.835	33.521	33.521	41.783	8.262	719.3	737.5	410.8
1439514361.059	11.580	y	4831	353	305.637	88.405	10.840	33.506	33.506	41.771	8.265	718.8	737.3	410.7
1439514362.060	11.408	n	4831	353	306.219	88.593	10.849	33.478	33.478	41.743	8.264	717.9	737.0	410.4
1439514363.059	11.229	n	4831	353	306.348	88.660	10.864	33.466	33.466	41.732	8.266	717.6	736.8	409.9
1439514364.060	11.024	n	4831	353	306.295	88.682	10.882	33.459	33.459	41.724	8.266	717.4	736.5	409.3
1439514365.061	10.777	y	4831	353	306.345	88.729	10.898	33.449	33.449	41.716	8.267	717.1	736.3	408.8
1439514366.060	10.564	n	4831	353	306.744	88.886	10.918	33.423	33.423	41.691	8.268	716.3	736.0	408.2
1439514367.057	10.361	n	4831	353	307.281	89.084	10.938	33.391	33.391	41.660	8.269	715.4	735.9	407.5
1439514368.059	10.180	y	4831	353	307.951	89.314	10.955	33.356	33.356	41.626	8.270	714.5	735.6	406.9
1439514369.060	10.024	n	4831	353	307.729	89.369	11.013	33.336	33.336	41.607	8.272	713.8	735.4	405.1
1439514370.058	9.859	y	4831	353	308.084	89.527	11.040	33.308	33.308	41.580	8.272	713.1	735.1	404.2
1439514371.059	9.675	y	4831	353	309.110	89.850	11.052	33.262	33.262	41.538	8.276	711.8	734.8	403.8
1439514372.059	9.475	y	4831	353	309.184	89.927	11.078	33.246	33.246	41.520	8.274	711.2	734.6	403.0
1439514373.059	9.262	n	4831	353	309.324	90.032	11.109	33.224	33.224	41.500	8.276	710.6	734.3	402.0
1439514374.059	9.046	y	4831	353	310.398	90.391	11.131	33.171	33.171	41.446	8.275	709.1	734.2	401.3
1439514375.062	8.821	n	4831	353	310.677	90.517	11.152	33.150	33.150	41.427	8.278	708.6	734.0	400.6
1439514376.059	8.606	y	4831	353	311.183	90.707	11.173	33.120	33.120	41.397	8.278	707.6	733.7	399.9
1439514377.060	8.389	n	4831	353	311.582	90.836	11.179	33.101	33.101	41.382	8.281	707.2	733.5	399.7
1439514378.060	8.188	y	4831	353	311.631	90.860	11.184	33.097	33.097	41.375	8.278	706.9	733.2	399.6
1439514379.058	7.992	y	4831	353	312.400	91.087	11.185	33.066	33.066	41.347	8.281	706.2	733.0	399.6
1439514380.059	7.781	n	4831	353	312.564	91.140	11.187	33.059	33.059	41.339	8.280	705.8	732.7	399.5
1439514381.059	7.545	n	4831	353	313.036	91.277	11.187	33.041	33.041	41.323	8.283	705.4	732.5	399.5
1439514382.058	7.291	y	4831	353	313.532	91.401	11.177	33.026	33.026	41.309	8.282	704.9	732.2	399.8
1439514383.057	7.078	y	4831	353	314.155	91.582	11.177	33.003	33.003	41.287	8.284	704.4	732.0	399.8
1439514384.059	6.862	n	4831	353	314.512	91.700	11.184	32.986	32.986	41.271	8.286	703.8	731.8	399.6
1439514385.060	6.662	n	4831	353	314.924	91.831	11.189	32.967	32.967	41.252	8.285	703.3	731.5	399.4
1439514386.058	6.491	y	4831	353	315.583	92.031	11.193	32.940	32.940	41.225	8.285	702.5	731.4	399.3
1439514387.059	6.329	y	4831	353	316.719	92.399	11.210	32.888	32.888	41.176	8.288	701.2	731.2	398.8
1439514388.059	6.171	y	4831	353	320.872	93.734	11.267	32.703	32.703	40.990	8.287	696.0	731.0	396.9
1439514389.059	5.984	n	4831	353	319.533	93.729	11.446	32.664	32.664	40.951	8.287	694.7	730.8	391.1
1439514390.059	5.734	y	4831	353	319.753	93.885	11.488	32.634	32.634	40.923	8.288	693.8	730.5	389.8
1439514391.058	5.461	y	4831	353	319.958	93.981	11.505	32.618	32.618	40.906	8.288	693.5	730.3	389.3
1439514392.058	5.220	n	4831	353	321.639	94.574	11.551	32.533	32.533	40.823	8.291	691.2	730.1	387.8
1439514393.059	5.021	n	4831	353	322.540	95.142	11.690	32.431	32.431	40.722	8.291	688.3	729.9	383.3
1439514394.058	4.845	y	4831	353	322.252	95.210	11.760	32.406	32.406	40.697	8.290	687.6	729.7	381.0
1439514395.060	4.687	y	4831	353	323.798	95.670	11.762	32.349	32.349	40.639	8.290	685.9	729.4	381.0
1439514396.059	4.508	n	4831	353	324.047	95.713	11.748	32.346	32.346	40.638	8.292	685.8	729.2	381.4
1439514397.059	4.313	y	4831	353	324.841	95.905	11.728	32.326	32.326	40.618	8.292	685.3	729.0	382.1
1439514398.059	4.108	n	4831	353	326.074	96.214	11.704	32.293	32.293	40.585	8.292	684.4	728.8	382.9
1439514399.061	3.899	y	4831	353	329.703	97.377	11.745	32.141	32.141	40.435	8.294	680.0	728.6	381.5
1439514400.057	3.737	y	4831	353	329.133	97.526	11.887	32.092	32.092	40.384	8.293	678.6	728.4	376.9
1439514401.058	3.596	y	4831	353	332.403	98.764	12.007	31.916	31.916	40.209	8.293	673.6	728.2	373.1
1439514402.060	3.465	n	4831	353	330.719	98.426	12.080	31.941	31.941	40.235	8.294	674.4	727.9	370.7
1439514403.058	3.333	n	4831	353	331.422	98.711	12.114	31.899	31.899	40.194	8.295	673.1	727.7	369.6
1439514404.058	3.211	y	4831	353	331.970	98.860	12.107	31.883	31.883	40.177	8.295	672.7	727.4	369.8
1439514405.059	3.088	y	4831	353	334.034	99.433	12.089	31.818	31.818	40.111	8.293	670.6	727.1	370.4
1439514406.057	2.934	n	4831	353	334.574	99.692	12.132	31.778	31.778	40.073	8.295	669.6	727.0	369.0
1439514407.057	2.734	n	4831	353	334.273	99.914	12.270	31.722	31.722	40.019	8.298	667.9	726.7	364.6
1439514408.057	2.532	y	4831	353	335.304	100.503	12.393	31.626	31.626	39.922	8.297	665.1	726.4	360.6
1439514409.057	2.348	n	4831	353	335.224	100.667	12.476	31.589	31.589	39.886	8.297	664.1	726.1	357.9
1439514410.057	2.170	n	4831	353	335.939	101.009	12.532	31.537	31.537	39.833	8.296	662.6	725.8	356.1
1439514411.057	1.991	n	4831	353	337.361	101.398	12.515	31.495	31.495	39.793	8.298	661.5	725.5	356.6
1439514412.058	1.841	y	4831	353	338.945	101.840	12.501	31.447	31.447	39.746	8.299	660.3	725.3	357.1
1439514413.058	1.718	y	4831	353	340.627	102.358	12.506	31.386	31.386	39.686	8.299	658.5	724.9	356.9
1439514414.059	1.600	n	4831	353	342.080	102.845	12.528	31.326	31.326	39.625	8.299	656.6	724.6	356.2
1439514415.057	1.468	n	4831	353	342.638	103.114	12.571	31.286	31.286	39.584	8.298	655.4	724.4	354.8
1439514416.058	1.358	y	4831	353	343.988	103.660	12.631	31.211	31.211	39.512	8.301	653.5	724.1	352.9
1439514417.057	1.280	n	4831	353	346.011	104.348	12.665	31.127	31.127	39.430	8.303	651.0	723.8	351.8
1439514418.057	1.165	n	4831	353	347.563	104.843	12.676	31.069	31.069	39.371	8.302	649.3	723.5	351.5
1439514419.056	1.059	y	4831	353	348.457	105.278	12.746	31.006	31.006	39.308	8.302	647.4	723.3	349.2
1439514420.072	0.960	n	4831	353	350.809	106.014	12.756	30.923	30.923	39.227	8.304	645.1	723.0	348.8
