
 % Fourier Coefficients 
% 9 Fields and 64 Frequencies
%  Fields and 64 Frequencies
% 9 Fields and  Frequencies
% 9.0 Fields and 64 Frequencies
% 9 Fields and 64.0 Frequencies
% 9A Fields and 64 Frequencies
% 9 Fields and 6A Frequencies
% Frequency(Hz), Band width(Hz), Energy density(m^2/Hz), Direction (deg), A1, B1, A2, B2, Check Factor
% Frequency Bands are 0.01562500 Hz wide(first frequency band is centered at 0.00830078)
% Frequency Bands are  Hz wide(first frequency band is centered at 0.00830078)
% Frequency Bands are 0.01562500 Hz wide(first frequency band is centered at )
% Frequency Bands are 001562500 Hz wide(first frequency band is centered at 0.00830078)
% Frequency Bands are 0.01562500 Hz wide(first frequency band is centered at 000830078)
% Frequency Bands are 0.0156250A Hz wide(first frequency band is centered at 0.00830078)
% Frequency Bands are 0.01562500 Hz wide(first frequency band is centered at 0.0083007A)
  0.015625 0.003481 211.254501 -0.328733 -0.199515 -0.375233 0.062457 0.352941
 0024414 0.015625 0.001156 241.299316 -0.133508 -0.243851 -0.410502 0.011182 0.352941
 0.04003A 0.015625 0.000400 165.530334 -0.182446 0.047081 -0.267611 0.336926 0.352941
 0.055664  0.007744 261.074799 -0.124242 -0.791112 -0.605697 0.117993 0.352941
 0.071289 0015625 0.055696 256.933990 -0.203343 -0.876170 -0.803778 0.370687 0.352941
 0.086914 0.01562A 1.373584 256.901489 -0.209740 -0.901412 -0.793181 0.406310 0.352941
 0.102539 0.015625  254.701782 -0.251363 -0.918942 -0.773577 0.468298 0.352941
 0.118164 0.015625 8785296 258.393951 -0.183990 -0.895848 -0.738465 0.281998 0.352941
 0.133789 0.015625 4.32640A 256.983276 -0.199485 -0.862914 -0.662364 0.418929 0.352941
 0.149414 0.015625 6.927424  -0.342842 -0.805002 -0.482101 0.538831 0.352941
 0.165039 0.015625 8.363664 239444733 -0.449384 -0.761222 -0.319124 0.725740 0.352941
 0.180664 0.015625 10.523536 204.07460A -0.737386 -0.329456 0.398778 0.283558 0.352941
 0.196289 0.015625 11.847364 196.672363  -0.208118 0.335762 0.059551 0.352941
 0.211914 0.015625 4.955076 187.568054 -0843846 -0.112114 0.615381 0.171516 0.352941
 0.227539 0.015625 3.243601 189.101501 -0.70744A -0.113333 0.235696 0.231389 0.352941
 0.243164 0.015625 2.866249 177.632690 -0.623231  0.437609 0.136727 0.352941
 0.258789 0.015625 2.402500 189.418396 -0.443563 -0073578 0.282065 0.198210 0.352941
 0.274414 0.015625 1.334025 92.080376 -0.004817 0.13260A 0.275257 0.315551 0.352941
 0.290039 0.015625 1.664100 349.904541 0.103387 -0.018407  0.118044 0.352941
 0.305664 0.015625 1.168561 334.160126 0.377585 -0.182856 -0000932 0.157229 0.352941
 0.321289 0.015625 1.138489 11.462572 0.177239 0.035939 0.35508A 0.033285 0.352941
 0.336914 0.015625 0.744769 351.445435 0.360856 -0.054282 0.136516  0.352941
 0.352539 0.015625 0.826281 321.937592 0.262422 -0.205488 0.019418 0059009 0.352941
 0.368164 0.015625 1.052676 274.499023 0.002525 -0.032087 -0.012070 -0.00204A 0.352941
 0.383789 0.015625 0.990025 216.405869 -0.243883 -0.179845 0.110029 0.217786
 0.399414 0.015625 0.774400 148.343948 -0.183228 0.112970 -0.076616 0.027320 0352941
 0.415039 0.015625 1.044484 188.453613 -0.214515 -0.031882 0.009147 0.110976 0.35294A
 0.4306640.015625 1.144900 144.298721 -0.215059 0.154543 0.261158 -0.166205 0.352941
 0.446289 0.015625 1.079521 324.104004 0.184549 -0.133572 0.127388 0.105201 0.352941
 0.461914 0.015625 1.040400 266.678589 -0.015275 -0.263214 0.366024 -0.024101 0.352941
 0.477539 0.015625 0.000000 31.728716 0.170702 0.105546 0.184491 0.365232 0.352941
 0.493164 0.015625 0.000000 123.756042 -0.060535 0.090577 0.435540 0.235995 0.352941
 0.508789 0.015625 0.000000 137.397675 -0.185781 0.170849 0.171502 0.142508 0.352941
 0.524414 0.015625 0.000000 116.595032 -0.054315 0.108489 0.218824 -0.390647 0.352941
 0.540039 0.015625 0.000000 33.102806 0.167078 0.108928 0.288439 0.307633 0.352941
 0.555664 0.015625 0.000000 18.091463 0.265229 0.086646 0.331993 0.487620 0.352941
 0.571289 0.015625 0.000000 166.796371 -0.210171 0.049309 0.500733 -0.164800 0.352941
 0.586914 0.015625 0.000000 126.415085 -0.070348 0.095365 0.252552 0.188671 0.352941
 0.602539 0.015625 0.000000 128.101227 -0.193300 0.246514 0.140059 0.067914 0.352941
 0.618164 0.015625 0.000000 68.941505 0.058899 0.152971 -0.293717 0.018542 0.352941
 0.633789 0.015625 0.000000 72.327141 0.051936 0.163004 0.457300 0.049606 0.352941
 0.649414 0.015625 0.000000 177.246048 -0.109277 0.005257 0.346890 0.048453 0.352941
 0.665039 0.015625 0.000000 143.564102 -0.088567 0.065383 0.520792 -0.034069 0.352941
 0.680664 0.015625 0.000000 34.628246 0.225349 0.155622 0.448130 0.197468 0.352941
 0.696289 0.015625 0.000000 66.764519 0.128833 0.300076 0.372751 0.066069 0.352941
 0.711914 0.015625 0.000000 107.845901 -0.026323 0.081763 0.080445 0.509802 0.352941
 0.727539 0.015625 0.000000 296.528137 0.144856 -0.290179 0.304090 -0.019196 0.352941
 0.743164 0.015625 0.000000 84.764320 0.009115 0.099476 -0.016520 0.132446 0.352941
 0.758789 0.015625 0.000000 272.072998 0.006634 -0.183289 0.243751 0.527170 0.352941
 0.774414 0.015625 0.000000 13.131258 0.275713 0.064319 0.515405 -0.080793 0.352941
 0.790039 0.015625 0.000000 117.132629 -0.139184 0.271608 -0.079877 0.285017 0.352941
 0.805664 0.015625 0.000000 337.985931 0.226854 -0.091720 0.181579 0.013209 0.352941
 0.821289 0.015625 0.000000 331.173737 0.264974 -0.145829 0.254287 0.250733 0.352941
 0.836914 0.015625 0.000000 207.081085 -0.297545 -0.152137 0.502948 0.167540 0.352941
 0.852539 0.015625 0.000000 99.059616 -0.015445 0.096861 0.192632 0.180209 0.352941
 0.868164 0.015625 0.000000 180.634399 -0.111716 -0.001237 0.113060 -0.095481 0.352941
 0.883789 0.015625 0.000000 52.760654 0.178356 0.234640 -0.103902 -0.056592 0.352941
 0.899414 0.015625 0.000000 231.659576 -0.202447 -0.255971 0.265208 -0.310831 0.352941
 0.915039 0.015625 0.000000 232.596008 -0.067377 -0.088113 0.177244 -0.205172 0.352941
 0.930664 0.015625 0.000000 75.999229 0.124113 0.497762 -0.329563 0.022891 0.352941
 0.946289 0.015625 0.000000 242.261719 -0.038144 -0.072537 0.047429 0.093388 0.352941
 0.961914 0.015625 0.000000 244.742783 -0.117373 -0.248785 0.104112 0.245239 0.352941
 0.977539 0.015625 0.000000 240.812180 -0.094985 -0.170040 0.333649 0.000879 0.352941
 0.993164 0.015625 0.000000 55.009838 0.021875 0.031253 0.117709 0.191043 0.352941

